cluster no = 100 // random_state=42

The cluster visualization folder for 100 clusters:
https://drive.google.com/drive/folders/1HY2mW1QQ97WrFwHMD882XfpbBRoTEJr7?usp=sharing


length of each cluster:
[226,
 520,
 495,
 359,
 386,
 435,
 268,
 258,
 257,
 314,
 382,
 213,
 296,
 217,
 307,
 430,
 545,
 195,
 357,
 245,
 225,
 201,
 465,
 372,
 652,
 248,
 324,
 547,
 230,
 268,
 172,
 894,
 166,
 622,
 798,
 414,
 300,
 268,
 202,
 292,
 455,
 237,
 396,
 246,
 470,
 274,
 255,
 311,
 301,
 889,
 413,
 393,
 352,
 125,
 666,
 638,
 198,
 192,
 476,
 343,
 559,
 589,
 449,
 308,
 556,
 382,
 490,
 322,
 209,
 371,
 122,
 284,
 369,
 209,
 563,
 66,
 336,
 407,
 487,
 255,
 226,
 380,
 440,
 703,
 373,
 442,
 319,
 440,
 479,
 193,
 246,
 549,
 476,
 393,
 215,
 581,
 482,
 219,
 133,
 364]