[48,
 86,
 88,
 35,
 22,
 70,
 52,
 59,
 115,
 101,
 139,
 44,
 36,
 30,
 115,
 35,
 78,
 66,
 90,
 34,
 81,
 74,
 54,
 67,
 94,
 23,
 87,
 63,
 90,
 100,
 100,
 99,
 53,
 87,
 44,
 41,
 74,
 51,
 48,
 63,
 123,
 112,
 48,
 91,
 23,
 31,
 21,
 58,
 74,
 30,
 51,
 95,
 34,
 31,
 128,
 99,
 69,
 96,
 109,
 64,
 145,
 21,
 48,
 74,
 57,
 37,
 48,
 36,
 47,
 57,
 91,
 80,
 96,
 51,
 87,
 78,
 62,
 40,
 101,
 73,
 37,
 97,
 63,
 26,
 95,
 32,
 39,
 48,
 34,
 88,
 68,
 73,
 76,
 65,
 73,
 72,
 64,
 149,
 60,
 85]